[LAYOUT]
Name = NFSU-drag
RPMBgXpos = 0.097000
RPMBgYpos = 0.499997
RPMBgSize = 0.295000
RPMNumXpos = 0.095000
RPMNumYpos = 0.499997
RPMNumSize = 0.295000
RPMDialXpos = 0.386009
RPMDialYpos = 0.500007
RPMDialSize = 0.023000
NosLinesXpos = 0.144000
NosLinesYpos = 0.154000
NosLinesSize = 0.151000
HeatLinesXpos = 0.142000
HeatLinesYpos = 0.748994
HeatLinesSize = 0.152000
Heat0Xpos = 0.111000
Heat0Ypos = 0.521006
Heat0Size = 0.042000
Heat1Xpos = 0.115000
Heat1Ypos = 0.577996
Heat1Size = 0.042000
Heat2Xpos = 0.121000
Heat2Ypos = 0.640005
Heat2Size = 0.042000
Heat3Xpos = 0.132000
Heat3Ypos = 0.697005
Heat3Size = 0.042000
Heat4Xpos = 0.143000
Heat4Ypos = 0.749003
Heat4Size = 0.042000
Heat5Xpos = 0.158000
Heat5Ypos = 0.796003
Heat5Size = 0.042000
Heat6Xpos = 0.176000
Heat6Ypos = 0.843002
Heat6Size = 0.042000
Heat7Xpos = 0.196000
Heat7Ypos = 0.885001
Heat7Size = 0.042000
RPMRedXpos = 0.188000
RPMRedYpos = 0.132000
RPMRedSize = 0.067000
NOS0Stage1Size = 0.076000
NOS0Stage2Size = 0.039000
NOS0Stage3Size = 0.039000
NOS0Stage1Xpos = 0.174000
NOS0Stage1Ypos = 0.223000
NOS1Stage1Xpos = 0.124000
NOS1Stage1Ypos = 0.351000
NOS0Stage2Xpos = 0.189000
NOS0Stage2Ypos = 0.159000
NOS1Stage2Xpos = 0.160000
NOS1Stage2Ypos = 0.225000
NOS2Stage2Xpos = 0.137000
NOS2Stage2Ypos = 0.296000
NOS3Stage2Xpos = 0.119000
NOS3Stage2Ypos = 0.372000
NOS0Stage3Xpos = 0.191000
NOS0Stage3Ypos = 0.125000
NOS1Stage3Xpos = 0.171000
NOS1Stage3Ypos = 0.167000
NOS2Stage3Xpos = 0.153000
NOS2Stage3Ypos = 0.211000
NOS3Stage3Xpos = 0.139000
NOS3Stage3Ypos = 0.262000
NOS4Stage3Xpos = 0.126000
NOS4Stage3Ypos = 0.313000
NOS5Stage3Xpos = 0.116000
NOS5Stage3Ypos = 0.368000
HeatAlertXpos = 0.093000
HeatAlertYpos = 0.541997
HeatAlertSize = 0.026000
ShiftLightXpos = 0.499997
ShiftLightYpos = 0.150000
ShiftLightSize = 0.030000
RPMBoxXpos = 0.268000
RPMBoxYpos = 0.129000
RPMBoxSize = 0.181000
SpeedBoxXpos = 0.869002
SpeedBoxYpos = 0.286000
SpeedBoxSize = 0.253000
SpeedXpos = 0.800002
SpeedYpos = 0.270000
SpeedSize = 0.021000
UnitXpos = 0.873002
UnitYpos = 0.272000
UnitSize = 0.061000
GearXpos = 0.269000
GearYpos = 0.133000
GearSize = 0.029000
NOS1Stage1Size = 0.076000
NOS1Stage2Size = 0.039000
NOS2Stage2Size = 0.039000
NOS3Stage2Size = 0.039000
NOS1Stage3Size = 0.039000
NOS2Stage3Size = 0.039000
NOS3Stage3Size = 0.039000
NOS4Stage3Size = 0.039000
NOS5Stage3Size = 0.039000
TurboBgXpos = 0.882992
TurboBgYpos = 0.889992
TurboBgSize = 0.150000
TurboDialXpos = 0.885001
TurboDialYpos = 0.939992
TurboDialSize = 0.015000
TurboRed0Xpos = 0.835002
TurboRed0Ypos = 0.891001
TurboRed0Size = 0.016000
TurboRed1Xpos = 0.933001
TurboRed1Ypos = 0.891001
TurboRed1Size = 0.016000
SpeedoXpos = 0.000000
SpeedoYpos = 0.000000
SpeedoSize = 1.000000
TurboNumXpos = 0.883002
TurboNumYpos = 0.887992
TurboNumSize = 0.145000
TurboTextXpos = 0.000000
TurboTextYpos = 0.000000
TurboTextSize = 0.000000
NOSTextXpos = 0.000000
NOSTextYpos = 0.000000
NOSTextSize = 0.000000


[ROTATE]
RPMDialCenterX = 0.500000
RPMDialCenterY = -0.500000
RPMDialZeroRot = 0.070000
RPMDialFullRot = 0.3000
TurboDialCenterX = 0.5
TurboDialCenterY = 0.5
TurboDialZeroRot = -0.04
TurboDialFullRot = 0.208
